0.000164613633334443
0.000358893477116419
0.000627157523598540
0.000870000109914179
0.000950589276105472
0.000711640401020341
0.000029818367955348
-0.00112138256338919
-0.00262476487405011
-0.00421162755989998
-0.00551014443372892
-0.00614349741404345
-0.00585454052714451
-0.00461377812375631
-0.00266697672303963
-0.000493253846889644
0.00132604815589982
0.00229152860409356
0.00216230935527062
0.00105679878290683
-0.000568283575015607
-0.00206599088720437
-0.00282938253199051
-0.00252252651552584
-0.00122232736127505
0.000592017422583598
0.00220940049732549
0.00296120461277469
0.00249624834015422
0.000944557919191495
-0.00110555876536730
-0.00282150620968980
-0.00345701203153941
-0.00267054759932581
-0.000697215554012101
0.00170907692869093
0.00355663681885019
0.00401858860521592
0.00279626798656427
0.000286246676796393
-0.00253538128564320
-0.00448452153324550
-0.00465855951040134
-0.00284429721077969
0.000336228171131837
0.00362553343966243
0.00561850466683261
0.00535300439267063
0.00275888557170551
-0.00123851711870682
-0.00503325614912412
-0.00697195278056202
-0.00606052742660326
-0.00244788051845348
0.00253972890033493
0.00686680328971119
0.00860210134515655
0.00675927815873011
0.00180709322100775
-0.00439857815364619
-0.00928420330702454
-0.0105984642264636
-0.00741297643090284
-0.000653148327815726
0.00711223724680445
0.0126057762965320
0.0131757331018029
0.00800478981297390
-0.00133116991976566
-0.0112593937890962
-0.0174995724764015
-0.0168064194309669
-0.00849155265761865
0.00493190149128703
0.0183534659750929
0.0258274835926322
0.0229309297492698
0.00885890882002284
-0.0125898716697884
-0.0336480830799030
-0.0447853313047409
-0.0378468166838487
-0.00909127288049591
0.0389516422733684
0.0975430990767151
0.153830509479798
0.194396663338905
0.209163478121596
0.194396663338905
0.153830509479798
0.0975430990767151
0.0389516422733684
-0.00909127288049591
-0.0378468166838487
-0.0447853313047409
-0.0336480830799030
-0.0125898716697884
0.00885890882002284
0.0229309297492698
0.0258274835926322
0.0183534659750929
0.00493190149128703
-0.00849155265761865
-0.0168064194309669
-0.0174995724764015
-0.0112593937890962
-0.00133116991976566
0.00800478981297390
0.0131757331018029
0.0126057762965320
0.00711223724680445
-0.000653148327815726
-0.00741297643090284
-0.0105984642264636
-0.00928420330702454
-0.00439857815364619
0.00180709322100775
0.00675927815873011
0.00860210134515655
0.00686680328971119
0.00253972890033493
-0.00244788051845348
-0.00606052742660326
-0.00697195278056202
-0.00503325614912412
-0.00123851711870682
0.00275888557170551
0.00535300439267063
0.00561850466683261
0.00362553343966243
0.000336228171131837
-0.00284429721077969
-0.00465855951040134
-0.00448452153324550
-0.00253538128564320
0.000286246676796393
0.00279626798656427
0.00401858860521592
0.00355663681885019
0.00170907692869093
-0.000697215554012101
-0.00267054759932581
-0.00345701203153941
-0.00282150620968980
-0.00110555876536730
0.000944557919191495
0.00249624834015422
0.00296120461277469
0.00220940049732549
0.000592017422583598
-0.00122232736127505
-0.00252252651552584
-0.00282938253199051
-0.00206599088720437
-0.000568283575015607
0.00105679878290683
0.00216230935527062
0.00229152860409356
0.00132604815589982
-0.000493253846889644
-0.00266697672303963
-0.00461377812375631
-0.00585454052714451
-0.00614349741404345
-0.00551014443372892
-0.00421162755989998
-0.00262476487405011
-0.00112138256338919
0.000029818367955348
0.000711640401020341
0.000950589276105472
0.000870000109914179
0.000627157523598540
0.000358893477116419
0.000164613633334443
