1000000000000101
1000000000001011
1000000000010100
1000000000011100
1000000000011111
1000000000010111
1000000000000000
0111111111011011
0111111110101001
0111111101110101
0111111101001011
0111111100110110
0111111101000000
0111111101101000
0111111110101000
0111111111101111
1000000000101011
1000000001001011
1000000001000110
1000000000100010
0111111111101101
0111111110111100
0111111110100011
0111111110101101
0111111111010111
1000000000010011
1000000001001000
1000000001100001
1000000001010001
1000000000011110
0111111111011011
0111111110100011
0111111110001110
0111111110101000
0111111111101001
1000000000111000
1000000001110100
1000000010000011
1000000001011011
1000000000001001
0111111110101100
0111111101101101
0111111101100111
0111111110100010
1000000000001011
1000000001110110
1000000010111000
1000000010101111
1000000001011010
0111111111010111
0111111101011011
0111111100011011
0111111100111001
0111111110101111
1000000001010011
1000000011100001
1000000100011001
1000000011011101
1000000000111011
0111111101101111
0111111011001111
0111111010100100
0111111100001101
0111111111101010
1000000011101001
1000000110011101
1000000110101111
1000000100000110
0111111111010100
0111111010001111
0111110111000010
0111110111011001
0111111011101001
1000000010100001
1000001001011001
1000001101001110
1000001011101111
1000000100100010
0111111001100011
0111101110110001
0111101001000100
0111101100100111
0111111011010110
1000010011111100
1000110001111100
1001001110110000
1001100011100001
1001101011000101
1001100011100001
1001001110110000
1000110001111100
1000010011111100
0111111011010110
0111101100100111
0111101001000100
0111101110110001
0111111001100011
1000000100100010
1000001011101111
1000001101001110
1000001001011001
1000000010100001
0111111011101001
0111110111011001
0111110111000010
0111111010001111
0111111111010100
1000000100000110
1000000110101111
1000000110011101
1000000011101001
0111111111101010
0111111100001101
0111111010100100
0111111011001111
0111111101101111
1000000000111011
1000000011011101
1000000100011001
1000000011100001
1000000001010011
0111111110101111
0111111100111001
0111111100011011
0111111101011011
0111111111010111
1000000001011010
1000000010101111
1000000010111000
1000000001110110
1000000000001011
0111111110100010
0111111101100111
0111111101101101
0111111110101100
1000000000001001
1000000001011011
1000000010000011
1000000001110100
1000000000111000
0111111111101001
0111111110101000
0111111110001110
0111111110100011
0111111111011011
1000000000011110
1000000001010001
1000000001100001
1000000001001000
1000000000010011
0111111111010111
0111111110101101
0111111110100011
0111111110111100
0111111111101101
1000000000100010
1000000001000110
1000000001001011
1000000000101011
0111111111101111
0111111110101000
0111111101101000
0111111101000000
0111111100110110
0111111101001011
0111111101110101
0111111110101001
0111111111011011
1000000000000000
1000000000010111
1000000000011111
1000000000011100
1000000000010100
1000000000001011
1000000000000101
